kinematics:
  shoulder:
    x: 0
    y: 0
    z: 0.1808582427003927
    roll: -0
    pitch: 0
    yaw: -5.226355219677126e-07
  upper_arm:
    x: 0.0001146488038115345
    y: 0
    z: 0
    roll: 1.571149055019948
    pitch: 0
    yaw: -2.842156630394906e-06
  forearm:
    x: -0.478259666576996
    y: 0
    z: 0
    roll: 3.140966205585682
    pitch: 3.14143866526404
    yaw: 3.141584703118312
  wrist_1:
    x: -0.3600303731229585
    y: -0.001096754867652125
    z: 0.1741650928407709
    roll: 0.006297130801998122
    pitch: 0.0009340032369312529
    yaw: 1.229979779393521e-06
  wrist_2:
    x: 5.900314979285639e-05
    y: -0.1197777051587798
    z: 0.0002253351762985995
    roll: 1.568915050891635
    pitch: 0
    yaw: 1.761825868220462e-06
  wrist_3:
    x: 9.510304711030174e-05
    y: 0.115763931390055
    z: -7.780349503190604e-05
    roll: 1.570124239363319
    pitch: 3.141592653589793
    yaw: -3.141592198139823
  hash: calib_3044584041984148205